00743
00803
08013
10463
10483
10493
10503
18015
18025
18035
18043
18055
18065
18223
18235
18255
18535
18545
18553
18555
18567
18655
18693
18703
30563
400003
42725
42735
42745
42755
42765
42775
42823
70025
70035
70047
70057
70065
70075
70085
70095
70105
70115
70125
70145
70155
70183
70193
70243
70253
70263
70293
70303
70323
70345
70357
70375
70383
70393
70405
70415
70425
70435
70453
70465
70473
70485
70493
70505
70513
70525
70533
70545
70553
70565
70575
70585
70595
70605
70615
70625
70635
70645
70653
70655
70665
70675
70685
70693
70695
70705
70715
70725
70735
70745
70763
70775
70783
70813
70833
70843
70844
70875
70885
70897
70913
70923
70953
70995
71323
71335
71343
71353
71373
71375
71383
71385
71395
71415
71423
71445
71455
71457
71465
71475
71485
71495
71505
71515
71525
71535
71565
71575
71585
71593
71603
71605
71615
71625
71635
71645
71655
71665
71675
71693
71695
71703
71723
71735
71745
71753
71763
71773
71783
71795
71805
71833
71883
71885
71907
71955
71983
71995
72015
72077
72087
72095
72105
72115
72127
72135
72143
72153
72167
72173
72183
72193
72203
72204
72223
72225
72233
72263
72343
72355
72363
72375
72393
72403
72415
72423
72433
72443
72445
72455
72463
72475
72515
72533
72543
72693
72765
72785
72795
72813
72835
72853
72865
72886
72913
72925
72935
72945
72955
72963
72973
73573
73593
73603
73643
73673
80175
91077
91097
91143
91175
91183
91545
91553
91583
91825
91997
92007
